Surname: w
Name: yt
Group: e
Variant: 12
Y1 = 12
Z1 = 13
Results:
X1 = 14.76; f[x,y,z] = -0.2922592907664
X1 = 15.76; f[x,y,z] = 1.0478868554277
X1 = 16.76; f[x,y,z] = 0.25082766576441
X1 = 17.76; f[x,y,z] = 2.3188305311619
X1 = 18.76; f[x,y,z] = 2.3855941934903
X1 = 19.76; f[x,y,z] = -1.6773312175874
X1 = 20.76; f[x,y,z] = 2.2368301903146
X1 = 21.76; f[x,y,z] = 2.2302215539975
X1 = 22.76; f[x,y,z] = -1.7444761361627
X1 = 23.76; f[x,y,z] = 2.4022043369332
X1 = 24.76; f[x,y,z] = 2.4119934080444
